moveTo(m) 701.01562,-841.01562
Cubic Bézier Curve(c) -39.33329,0 -72.53127,13.5469 -99.53124,40.54687 -26.99998,26.99997 -40.46876,60.11983 -40.46876,99.45313 0,7.99999 0.83334,15.98438 2.5,23.98437 1.66667,7.99999 3.81772,15.71355 6.48438,23.04687
LineTo(l) -90,90 -0.46875,-0.46874 -84.0625,83.90624
LineTo(L) 396.01562,-480 120,-203.98438 203.98438,-120
LineTo(l) 450,-450
Cubic Bézier Curve(c) 7.33332,3.33333 15.04688,5.69792 23.04687,7.03125 7.99999,1.33333 15.98438,1.95313 23.98437,1.95313 39.3333,0 72.45316,-13.46878 99.45313,-40.46876 26.99997,-26.99997 40.54687,-60.19795 40.54687,-99.53124 0,-10 -0.83333,-19.51564 -2.5,-28.51563 -1.66666,-8.99999 -4.86458,-18.16668 -9.53124,-27.5
LineTo(L) 730,-657.96875 657.96875,-730
LineTo(l) 99.0625,-98.98438
Cubic Bézier Curve(c) -9.33332,-3.99999 -18.50001,-6.98437 -27.5,-8.98437 -8.99999,-2 -18.51563,-3.04687 -28.51563,-3.04687
ClosePath(z)

https://developer.mozilla.org/en-US/docs/Web/SVG/Attribute/d
https://www.cubic.org/docs/bezier.htm
https://github.com/memononen/nanosvg/blob/cb0ae54e6b147ccdf85401ef3ef20f2c761252c0/src/nanosvg.h#L2327